# Array Length,1024,2048,4096,8192,16384,32768,65536,131072
# Host,4,9,19,38,77,154,310,620
# Device,209,356,646,1234,2398,4737,9448,19543

Array Length,Host,Device
1024,4,209
2048,9,356
4096,19,646
8192,38,1234
16384,77,2398
32768,154,4737
65536,310,9448
131072,620,19543
